Rank-1: 0.37%
Rank-5: 44.49%

             precision    recall  f1-score   support

          1       0.74      0.88      0.80        16
          2       1.00      1.00      1.00        22
          3       1.00      0.92      0.96        13
          4       1.00      0.94      0.97        16
          5       0.94      1.00      0.97        15
          6       1.00      0.82      0.90        11
          7       1.00      0.95      0.97        19
          8       0.81      0.93      0.87        14
          9       1.00      1.00      1.00        14
         10       0.95      1.00      0.98        21
         11       1.00      1.00      1.00        14
         12       1.00      1.00      1.00        10
         13       1.00      1.00      1.00        19
         14       0.93      0.87      0.90        15
         15       0.94      0.89      0.91        18
         16       0.95      1.00      0.98        21
         17       0.92      0.86      0.89        14

avg / total       0.95      0.95      0.95       272

